name: implantacao_mindmatch
channels:
  - conda-forge
  - defaults
dependencies:
  - blas=1.0=mkl
  - certifi=2020.6.20=pyhd3eb1b0_3
  - dill=0.2.7.1=py35_0
  - et_xmlfile=1.0.1=py_1001
  - icc_rt=2019.0.0=h0cc432a_1
  - intel-openmp=2021.3.0=haa95532_3372
  - jdcal=1.4.1=pyhd3eb1b0_0
  - mkl=2018.0.3=1
  - mkl_fft=1.0.6=py35hdbbee80_0
  - mkl_random=1.0.1=py35h77b88f5_1
  - numpy=1.15.2=py35ha559c80_0
  - numpy-base=1.15.2=py35h8128ebf_0
  - openpyxl=2.6.3=py_0
  - pandas=0.23.4=py35h830ac7b_0
  - pip=20.3.4=pyhd8ed1ab_0
  - pyreadline=2.1=py35_1000
  - python=3.5.2=5
  - python-dateutil=2.8.2=pyhd3eb1b0_0
  - pytz=2021.1=pyhd3eb1b0_0
  - scikit-learn=0.19.1=py35hae9bb9f_0
  - scipy=1.1.0=py35h4f6bf74_1
  - setuptools=40.4.3=py35_0
  - six=1.16.0=pyhd3eb1b0_0
  - tbb=2021.3.0=h59b6b97_0
  - tbb4py=2018.0.5=py35he980bc4_0
  - ucrt=10.0.20348.0=h57928b3_0
  - vc=14.2=hb210afc_5
  - vs2015_runtime=14.29.30037=h902a5da_5
  - wheel=0.37.0=pyhd8ed1ab_1
  - wincertstore=0.2=py35_1002
  - xlrd=2.0.1=pyhd3eb1b0_0
prefix: C:\ProgramData\Miniconda3\envs\implantacao_mindmatch
